x: -0.0710507483878
y: -0.0075068516829
z: 0.909739379883

x: -0.0641933829504
y: 0.0298324972555
z: 0.838331695557

x: -0.0684536122998
y: -0.0403231180828
z: 0.821209274292

8:
  camera_to_world:
    quaternion:
      w: 0.13363039718756375
      x: -0.6601503565555793
      y: 0.7226078483153184
      z: -0.1555066597935349
    translation:
      x: 0.29972335333107686
      y: -0.00016958877060524544
      z: 0.8278206244574912
  depth_image_filename: 000008_depth.png
  rgb_image_filename: 000008_rgb.png
  timestamp: 1525887394438648455
